A00 120 3 0 30 40 
P74 150 5 29 163 158 317 9 
L51 77 1 126 
F27 86 3 4 252 153 
G21 166 2 185 337 
Q18 119 4 117 19 245 39 
Z12 383 9 284 176 46 148 298 362 269 177 272 
R93 191 1 48 
S50 92 0 
Y02 114 4 71 80 195 159 
I06 551 9 263 284 213 359 244 141 160 221 76 
V84 89 2 8 62 
K82 179 5 88 90 259 93 74 
Y76 523 6 276 275 279 92 65 354 
X37 362 10 150 36 21 90 312 295 244 16 7 340 
G14 216 10 82 261 122 22 127 242 13 163 345 149 
V81 638 2 126 131 
E38 350 11 147 195 255 154 249 97 13 278 220 26 317 
O16 424 4 216 296 338 204 
M41 584 5 174 138 198 330 138 
F78 543 0 
T71 560 5 183 24 74 316 320 
F09 369 8 168 8 19 58 4 124 24 217 
X53 593 7 127 114 13 148 15 318 48 
O68 331 5 358 269 147 32 262 
A28 229 10 92 293 351 105 258 176 196 142 79 182 
J86 612 2 260 328 
V24 266 5 243 102 36 166 224 
V62 439 11 127 45 320 198 224 341 88 261 299 290 363 
K52 135 4 36 147 32 342 
S94 571 5 266 304 178 222 255 
Z49 291 8 215 175 183 103 79 13 219 81 
V99 87 6 174 193 200 12 341 181 
L82 505 6 229 21 291 231 311 218 
X55 303 0 
S25 163 0 
H86 432 1 129 
E29 411 3 10 223 246 
G92 89 9 314 239 310 0 209 46 283 94 282 
K87 355 6 91 347 340 197 34 189 
G44 422 11 153 330 187 192 218 147 253 150 303 113 37 
X20 463 7 57 84 232 70 83 99 73 
U11 453 0 
H35 481 8 142 67 261 289 235 207 330 148 
I00 285 5 1 210 281 287 350 
S04 345 0 
R56 144 2 22 216 
C83 501 8 288 359 314 157 245 202 35 101 
O70 565 0 
P38 614 9 217 296 0 202 12 239 70 77 154 
A30 352 10 123 141 87 121 340 40 169 230 362 86 
M61 221 3 362 348 350 
U48 213 8 46 47 324 240 193 343 58 335 
H70 308 7 113 350 12 134 272 363 308 
P10 110 0 
T45 590 7 234 60 236 232 150 208 250 
Q66 407 6 217 137 276 144 161 121 
W72 167 0 
P13 179 1 185 
H26 505 5 172 299 169 84 182 
H92 613 3 293 181 320 
F85 388 3 242 29 306 
R59 475 5 350 166 179 240 28 
I89 551 1 324 
Z46 243 0 
R28 331 0 
J15 305 2 147 236 
P48 602 11 191 263 185 188 145 362 43 245 287 332 7 
P91 290 4 215 110 152 34 
Q53 164 3 95 144 308 
X92 455 4 136 33 179 50 
Q27 199 0 
D77 191 5 215 73 339 161 237 
N33 642 0 
L29 320 4 287 69 220 171 
C07 497 0 
J13 356 11 250 271 114 355 119 357 319 108 291 134 63 
C05 225 3 303 107 293 
P48 621 8 283 125 10 242 26 63 309 297 
R59 394 9 290 250 323 213 130 111 218 327 17 
I70 413 9 313 188 242 285 324 145 90 28 8 
