CS-AKJ A321 200 6 324 204 256 216 337 16 
CS-HLH B747 524 24 335 187 327 92 186 54 106 4 82 3 105 304 111 38 301 242 238 211 71 178 189 41 113 166 
CS-JYZ A321 200 60 85 350 6 195 148 210 355 15 12 46 263 58 288 198 161 17 8 13 86 25 14 333 305 232 231 323 250 277 341 316 298 65 194 249 334 62 66 88 255 314 180 309 346 347 143 121 37 193 125 244 274 265 119 182 329 361 199 146 42 69 
CS-KRJ B747 524 71 173 296 340 57 339 127 124 215 312 75 73 23 147 70 45 317 239 114 200 362 104 90 311 168 27 78 11 205 269 55 117 257 221 122 18 172 325 103 47 132 283 102 177 208 292 142 188 116 357 34 310 254 352 60 154 302 332 315 202 39 137 358 108 32 356 26 128 267 286 96 176 
CS-OZA B737 188 24 342 360 294 331 348 227 141 136 297 5 326 80 169 133 268 89 344 171 53 67 336 87 359 295 
CS-PBO A330 440 54 253 354 131 99 112 91 68 281 156 246 206 134 300 28 260 230 64 226 224 252 81 94 163 321 139 149 100 197 31 98 343 245 303 138 150 247 191 97 181 313 251 123 157 101 237 162 158 209 233 259 40 218 10 153 
CS-SPM A310 170 79 273 118 289 95 151 353 184 159 36 282 170 107 24 59 228 164 287 318 262 44 293 63 319 236 160 330 76 130 264 51 74 179 320 144 9 72 240 21 152 290 284 49 258 299 50 203 241 29 270 115 20 229 222 328 306 234 1 126 349 175 338 56 35 280 278 271 235 185 145 48 345 248 0 243 207 109 266 174 2 
CS-TSZ A321 200 47 196 190 22 364 261 192 214 30 7 220 43 225 276 155 275 110 212 363 120 165 167 79 279 77 307 19 140 351 272 135 83 33 201 93 183 213 52 129 291 61 322 84 308 223 217 219 285 
CS-AKJ A321 200 6 324 204 256 216 337 16 
CS-HLH B747 524 24 335 187 327 92 186 54 106 4 82 3 105 304 111 38 301 242 238 211 71 178 189 41 113 166 
CS-JYZ A321 200 60 85 350 6 195 148 210 355 15 12 46 263 58 288 198 161 17 8 13 86 25 14 333 305 232 231 323 250 277 341 316 298 65 194 249 334 62 66 88 255 314 180 309 346 347 143 121 37 193 125 244 274 265 119 182 329 361 199 146 42 69 
CS-KRJ B747 524 71 173 296 340 57 339 127 124 215 312 75 73 23 147 70 45 317 239 114 200 362 104 90 311 168 27 78 11 205 269 55 117 257 221 122 18 172 325 103 47 132 283 102 177 208 292 142 188 116 357 34 310 254 352 60 154 302 332 315 202 39 137 358 108 32 356 26 128 267 286 96 176 
CS-OZA B737 188 24 342 360 294 331 348 227 141 136 297 5 326 80 169 133 268 89 344 171 53 67 336 87 359 295 
CS-PBO A330 440 54 253 354 131 99 112 91 68 281 156 246 206 134 300 28 260 230 64 226 224 252 81 94 163 321 139 149 100 197 31 98 343 245 303 138 150 247 191 97 181 313 251 123 157 101 237 162 158 209 233 259 40 218 10 153 
CS-SPM A310 170 79 273 118 289 95 151 353 184 159 36 282 170 107 24 59 228 164 287 318 262 44 293 63 319 236 160 330 76 130 264 51 74 179 320 144 9 72 240 21 152 290 284 49 258 299 50 203 241 29 270 115 20 229 222 328 306 234 1 126 349 175 338 56 35 280 278 271 235 185 145 48 345 248 0 243 207 109 266 174 2 
CS-TSZ A321 200 47 196 190 22 364 261 192 214 30 7 220 43 225 276 155 275 110 212 363 120 165 167 79 279 77 307 19 140 351 272 135 83 33 201 93 183 213 52 129 291 61 322 84 308 223 217 219 285 
